25000 93000 2920 1.2466761556439096e-06
25000 93000 2960 1.2022745824068996e-06
25000 93000 3000 1.2322028710798517e-06
25500 93000 3000 1.241619107961205e-06
25500 93000 3040 1.159908264176437e-06
25500 93000 3080 1.1481178649289521e-06
25500 93000 3120 1.204286685248873e-06
26000 93000 3120 1.172611384492641e-06
26000 93000 3160 1.1204924716976843e-06
26000 93000 3200 1.1324417374566342e-06
26000 93000 3240 1.2067171257342092e-06
26500 93000 3200 1.243478018283229e-06
26500 93000 3240 1.1524770343503298e-06
26500 93000 3280 1.1219590653249609e-06
26500 93000 3320 1.1503192889537878e-06
26500 93000 3360 1.236004585642694e-06
27000 93000 3320 1.2469552677638367e-06
27000 93000 3360 1.1757273434128566e-06
27000 93000 3400 1.1601915113228222e-06
27000 93000 3440 1.1989134410709064e-06
27500 93000 3480 1.2389239432096223e-06
27500 93000 3520 1.2328932955850272e-06
25000 93500 2960 1.2169812271304405e-06
25000 93500 3000 1.1648443488079263e-06
25000 93500 3040 1.1859957817593576e-06
25500 93500 3040 1.2007486570863514e-06
25500 93500 3080 1.1096198443518447e-06
25500 93500 3120 1.0874882031194404e-06
25500 93500 3160 1.132437322697174e-06
25500 93500 3200 1.2426154102078244e-06
26000 93500 3120 1.241294770088663e-06
26000 93500 3160 1.112417861307088e-06
26000 93500 3200 1.048592224714019e-06
26000 93500 3240 1.048055479000331e-06
26000 93500 3280 1.1091032764075447e-06
26000 93500 3320 1.2300869571010713e-06
26500 93500 3240 1.1762391083060115e-06
26500 93500 3280 1.072340261336559e-06
26500 93500 3320 1.0282329674079946e-06
26500 93500 3360 1.0423457804993196e-06
26500 93500 3400 1.1131574310797465e-06
26500 93500 3440 1.2391948589699994e-06
27000 93500 3360 1.1614948541480978e-06
27000 93500 3400 1.0757175086478435e-06
27000 93500 3440 1.0450483205124641e-06
27000 93500 3480 1.068081220645482e-06
27000 93500 3520 1.1434537105098003e-06
27500 93500 3480 1.1929930875949835e-06
27500 93500 3520 1.1196454047435653e-06
27500 93500 3560 1.097220490395498e-06
27500 93500 3600 1.1244561367040727e-06
27500 93500 3640 1.2001281233307818e-06
28000 93500 3640 1.202684359856644e-06
28000 93500 3680 1.184217159626664e-06
28000 93500 3720 1.211782985422374e-06
25000 94000 3040 1.248398790108628e-06
25500 94000 3120 1.1806747208221348e-06
25500 94000 3160 1.1478705258072954e-06
25500 94000 3200 1.1812927057671975e-06
26000 94000 3200 1.1739973901394032e-06
26000 94000 3240 1.098186876395443e-06
26000 94000 3280 1.084906540632447e-06
26000 94000 3320 1.132488526460125e-06
26000 94000 3360 1.2393189827366476e-06
26500 94000 3280 1.2312595057038227e-06
26500 94000 3320 1.11423007647047e-06
26500 94000 3360 1.0563183148259076e-06
26500 94000 3400 1.0559851130512872e-06
26500 94000 3440 1.1117400710208544e-06
26500 94000 3480 1.222139604976324e-06
27000 94000 3400 1.1986303560709806e-06
27000 94000 3440 1.0981246960267255e-06
27000 94000 3480 1.0521573723039294e-06
27000 94000 3520 1.0593497393978519e-06
27000 94000 3560 1.1183655021902052e-06
27000 94000 3600 1.227909120447773e-06
27500 94000 3520 1.2126615804897536e-06
27500 94000 3560 1.123276549154627e-06
27500 94000 3600 1.084332751248655e-06
27500 94000 3640 1.0945913088788548e-06
27500 94000 3680 1.1528503148222583e-06
28000 94000 3680 1.1886283836062218e-06
28000 94000 3720 1.1526507144835744e-06
28000 94000 3760 1.162319583559113e-06
28000 94000 3800 1.2165507392882172e-06
26000 94500 3320 1.2407231885012784e-06
26500 94500 3400 1.203958298780296e-06
26500 94500 3440 1.1889890435974068e-06
26500 94500 3480 1.229512293638631e-06
27000 94500 3480 1.2407038924796692e-06
27000 94500 3520 1.1792809015883755e-06
27000 94500 3560 1.1704880369403256e-06
27000 94500 3600 1.2130144461877406e-06
27500 94500 3600 1.2475877384731773e-06
27500 94500 3640 1.1920062257564699e-06
27500 94500 3680 1.1851791542443397e-06
27500 94500 3720 1.2259263116819516e-06
28000 94500 3760 1.2422547994113084e-06
28000 94500 3800 1.2339468849079094e-06
